208,35
3,2
3,1
3,3
10,312
10,216
10,304
10,264
10,156
10,166
10,296
10,162
10,2
10,3
198,3
11,13
11,16
11,27
198,2
198,1
198,0
197,3
9,7
197,2
197,1
9,2
197,0
191,7
191,6
191,5
191,4
191,3
191,2
191,1
191,0
189,7
8,15
189,6
189,5
189,4
189,3
8,10
8,8
8,11
8,6
189,2
189,1
189,0
186,6
186,5
186,4
186,3
186,2
186,1
186,0
184,4
184,3
184,2
184,1
184,0
178,4
178,3
178,2
178,1
178,0
177,5
177,4
177,3
177,2
177,1
177,0
170,4
170,3
170,2
170,1
170,0
169,5
169,4
169,3
169,2
169,1
169,0
142,3
142,1
113,3
113,2
113,1
98,3
98,1
20,3
20,2
20,1
19,3
19,2
19,1
14,5
12,3
12,2
12,1
11,30
11,29
11,28
11,26
11,25
11,24
11,23
11,22
11,21
11,20
11,19
11,18
11,17
11,12
11,9
11,8
11,6
11,1
11,5
11,3
18,1
11,2
